 y=a+b*x
 a=  9.95238095
 sa=  0.723746864
 b=  36.1714286
 sb=  0.478091444
